layout_spectrum: 0.07571202
typography_spectrum: 0.5219216
color:
  saturation: 0.6040112
  brandStrength: 0.2600247
  lightness: 0.9029851
  rhythmicContrast: 0.4860075
name: Garrett Ruhland
